4 0.075781 0.330556 0.148438 0.400000
4 0.184375 0.338889 0.096875 0.388889
4 0.260156 0.347222 0.092188 0.350000
4 0.331250 0.330556 0.071875 0.294444
4 0.382031 0.348611 0.042188 0.258333
4 0.421875 0.408333 0.065625 0.294444
4 0.050781 0.811111 0.092188 0.294444
4 0.158594 0.738889 0.192188 0.266667
4 0.295312 0.679167 0.215625 0.219444
4 0.402344 0.627778 0.135937 0.211111
4 0.692969 0.325000 0.089063 0.166667
4 0.487500 0.343056 0.087500 0.225000
4 0.734375 0.488889 0.062500 0.161111
4 0.362500 0.936111 0.140625 0.127778
