0 0.102344 0.592708 0.201563 0.256250
0 0.237500 0.513542 0.187500 0.235417
0 0.353125 0.438542 0.209375 0.177083
0 0.502344 0.683333 0.267188 0.258333
0 0.471875 0.360417 0.165625 0.162500
0 0.638281 0.540625 0.210938 0.193750
0 0.550000 0.308333 0.162500 0.162500
0 0.721875 0.404167 0.171875 0.166667
0 0.601562 0.252083 0.150000 0.141667
0 0.765625 0.342708 0.156250 0.143750
0 0.814063 0.308333 0.171875 0.120833
0 0.650781 0.213542 0.142187 0.122917
0 0.707812 0.184375 0.150000 0.097917
0 0.763281 0.168750 0.110937 0.100000
0 0.797656 0.139583 0.107813 0.112500
0 0.823438 0.111458 0.109375 0.081250
0 0.906250 0.239583 0.131250 0.100000
0 0.922656 0.201042 0.120313 0.093750
